DIMENSION : 30
CAPACITY : 1000
NODE_COORD_SECTION
1 23.17 53.13
2 19.07 49.83
3 19.4 50.13
4 18.63 54.37
5 18.53 54.53
6 18.67 50.28
7 20.95 49.83
8 19.0 50.25
9 20.62 50.88
10 21.77 49.7
11 20.97 49.43
12 22.57 51.23
13 19.47 51.78
14 19.03 54.03
15 20.03 49.48
16 20.5 53.78
17 16.92 52.42
18 21.97 51.42
19 21.17 51.4
20 22.02 50.05
21 21.75 50.68
22 14.57 53.43
23 21.07 50.32
24 15.53 50.83
25 21.0 50.03
26 21.03 52.2
27 20.05 49.98
28 17.03 51.12
29 19.95 49.3
30 23.27 50.72
31 19.95 50.05
DEMAND_SECTION
1 500
2 50
3 400
4 200
5 100
6 40
7 200
8 300
9 30
10 60
11 50
12 60
13 160
14 100
15 120
16 300
17 100
18 200
19 100
20 60
21 200
22 150
23 60
24 50
25 70
26 200
27 90
28 40
29 200
30 300
31 0
DEPOT_SECTION
 1
 -1
EOF